A={a,b} B={0,1}
S={0,1,2,3}
u0 = 0

S   l    d  
   a b  a b 
============
0  0 0  1 3
1  1 0  3 1
2  1 0  2 0
3  0 1  0 2


A={a,b} B={0,1}
S={0,1,2,3,4}
u0 = 0

S   l    d  
   a b  a b 
============
0  0 0  1 3
1  1 0  4 1
2  1 0  2 0
3  0 1  0 2
4  0 1  0 2


  S    |      d             l
       |   a     b       a     b
-----------------------------------
 (0,0) | (1,1) (3,3)   (0,0) (0,0)
 (1,1) | (3,4) (1,1)   (1,1) (0,0)
 (3,3) | (0,0) (2,2)   (0,0) (1,1)
 (3,4) | (0,0) (2,2)   (0,0) (1,1)
 (2,2) | (2,2) (0,0)   (1,1) (0,0)

все пары одинаково составлены: (0,0) или (1,1)
